     0.537255      0.00000    0.0784314
     0.549020   0.00392157    0.0666667
     0.556863   0.00784314    0.0666667
     0.564706    0.0156863    0.0666667
     0.584314    0.0156863    0.0666667
     0.592157    0.0274510    0.0666667
     0.603922    0.0313726    0.0627451
     0.619608    0.0392157    0.0627451
     0.631373    0.0431373    0.0549020
     0.639216    0.0549020    0.0549020
     0.654902    0.0549020    0.0549020
     0.666667    0.0666667    0.0549020
     0.674510    0.0666667    0.0509804
     0.686275    0.0784314    0.0509804
     0.701961    0.0784314    0.0431373
     0.713726    0.0901961    0.0431373
     0.721569    0.0901961    0.0431373
     0.737255     0.101961    0.0431373
     0.749020     0.109804    0.0392157
     0.756863     0.109804    0.0392157
     0.764706     0.121569    0.0313726
     0.784314     0.121569    0.0313726
     0.792157     0.129412    0.0313726
     0.803922     0.137255    0.0313726
     0.819608     0.137255    0.0274510
     0.831373     0.149020    0.0274510
     0.839216     0.156863    0.0156863
     0.854902     0.164706    0.0156863
     0.866667     0.164706    0.0156863
     0.874510     0.176471    0.0156863
     0.886275     0.176471    0.0156863
     0.901961     0.184314    0.0156863
     0.909804     0.192157   0.00784314
     0.921569     0.200000   0.00784314
     0.937255     0.203922   0.00784314
     0.949020     0.211765   0.00784314
     0.956863     0.219608   0.00392157
     0.972549     0.219608   0.00392157
     0.984314     0.231373      0.00000
      1.00000     0.239216      0.00000
     0.992157     0.247059   0.00784314
     0.992157     0.254902    0.0156863
     0.992157     0.262745    0.0274510
     0.992157     0.274510    0.0392157
     0.992157     0.282353    0.0509804
     0.992157     0.294118    0.0627451
     0.992157     0.301961    0.0745098
     0.992157     0.313726    0.0862745
     0.992157     0.321569    0.0980392
     0.992157     0.333333     0.109804
     0.992157     0.341176     0.121569
     0.992157     0.352941     0.133333
     0.992157     0.360784     0.145098
     0.992157     0.372549     0.156863
     0.992157     0.380392     0.164706
     0.992157     0.388235     0.176471
     0.992157     0.396078     0.188235
     0.992157     0.407843     0.196078
     0.992157     0.415686     0.207843
     0.992157     0.423529     0.219608
     0.992157     0.435294     0.231373
     0.992157     0.443137     0.239216
     0.992157     0.450980     0.250980
     0.992157     0.458824     0.262745
     0.992157     0.470588     0.274510
     0.992157     0.478431     0.282353
     0.992157     0.486275     0.294118
     0.992157     0.498039     0.305882
     0.992157     0.505882     0.317647
     0.992157     0.513726     0.325490
     0.992157     0.525490     0.337255
     0.992157     0.533333     0.349020
     0.992157     0.541176     0.360784
     0.992157     0.549020     0.368627
     0.992157     0.560784     0.380392
     0.992157     0.568627     0.392157
     0.992157     0.576471     0.403922
     0.992157     0.588235     0.411765
     0.992157     0.596078     0.423529
     0.992157     0.603922     0.435294
     0.996078     0.615686     0.447059
     0.996078     0.623529     0.454902
     0.996078     0.631373     0.466667
     0.996078     0.639216     0.478431
     0.996078     0.650980     0.486275
     0.996078     0.658824     0.498039
     0.996078     0.666667     0.509804
     0.996078     0.678431     0.521569
     0.996078     0.686275     0.529412
     0.996078     0.694118     0.541176
     0.996078     0.701961     0.552941
     0.996078     0.713726     0.564706
     0.996078     0.721569     0.572549
     0.996078     0.729412     0.584314
     0.996078     0.741176     0.596078
     0.996078     0.749020     0.607843
     0.996078     0.756863     0.615686
     0.996078     0.768627     0.627451
     0.996078     0.776471     0.639216
     0.996078     0.784314     0.650980
     0.996078     0.792157     0.658824
     0.996078     0.803922     0.670588
     0.996078     0.811765     0.682353
     0.996078     0.819608     0.694118
     0.996078     0.831373     0.701961
     0.996078     0.839216     0.713726
     0.996078     0.847059     0.725490
      1.00000     0.858824     0.737255
      1.00000     0.403922      0.00000
      1.00000     0.435294      0.00000
      1.00000     0.470588      0.00000
      1.00000     0.505882      0.00000
      1.00000     0.541176      0.00000
      1.00000     0.576471      0.00000
      1.00000     0.611765      0.00000
      1.00000     0.647059      0.00000
      1.00000     0.682353      0.00000
      1.00000     0.717647      0.00000
      1.00000     0.752941      0.00000
      1.00000     0.788235      0.00000
      1.00000     0.823529      0.00000
      1.00000     0.858824      0.00000
      1.00000     0.894118      0.00000
      1.00000     0.929412      0.00000
      1.00000     0.964706      0.00000
      1.00000      1.00000      0.00000
     0.780392     0.784314     0.509804
     0.709804     0.709804     0.650980
     0.603922     0.603922     0.654902
     0.372549     0.505882     0.407843
      0.00000     0.470588    0.0549020
      0.00000     0.498039    0.0705882
      0.00000     0.529412    0.0901961
      0.00000     0.560784     0.105882
      0.00000     0.592157     0.125490
      0.00000     0.623529     0.141176
      0.00000     0.654902     0.160784
      0.00000     0.686275     0.180392
      0.00000     0.717647     0.196078
      0.00000     0.749020     0.215686
      0.00000     0.780392     0.231373
      0.00000     0.811765     0.250980
      0.00000     0.843137     0.270588
      0.00000     0.874510     0.286275
      0.00000     0.905882     0.305882
      0.00000     0.937255     0.321569
      0.00000     0.968627     0.341176
      0.00000      1.00000     0.360784
     0.784314     0.784314      1.00000
     0.772549     0.776471     0.996078
     0.760784     0.768627     0.996078
     0.749020     0.760784     0.996078
     0.741176     0.752941     0.996078
     0.729412     0.745098     0.996078
     0.717647     0.737255     0.996078
     0.709804     0.729412     0.996078
     0.698039     0.721569     0.996078
     0.686275     0.717647     0.996078
     0.678431     0.709804     0.996078
     0.666667     0.701961     0.996078
     0.654902     0.694118     0.996078
     0.647059     0.686275     0.996078
     0.635294     0.678431     0.996078
     0.623529     0.670588     0.996078
     0.615686     0.662745     0.996078
     0.603922     0.658824     0.996078
     0.592157     0.650980     0.992157
     0.580392     0.643137     0.992157
     0.572549     0.635294     0.992157
     0.560784     0.627451     0.992157
     0.549020     0.619608     0.992157
     0.541176     0.611765     0.992157
     0.529412     0.603922     0.992157
     0.517647     0.596078     0.992157
     0.509804     0.592157     0.992157
     0.498039     0.584314     0.992157
     0.486275     0.576471     0.992157
     0.478431     0.568627     0.992157
     0.466667     0.560784     0.992157
     0.454902     0.552941     0.992157
     0.447059     0.545098     0.992157
     0.435294     0.537255     0.992157
     0.423529     0.533333     0.992157
     0.411765     0.525490     0.988235
     0.403922     0.517647     0.988235
     0.392157     0.509804     0.988235
     0.380392     0.501961     0.988235
     0.372549     0.494118     0.988235
     0.360784     0.486275     0.988235
     0.349020     0.478431     0.988235
     0.341176     0.470588     0.988235
     0.329412     0.466667     0.988235
     0.317647     0.458824     0.988235
     0.309804     0.450980     0.988235
     0.298039     0.443137     0.988235
     0.286275     0.435294     0.988235
     0.278431     0.427451     0.988235
     0.266667     0.419608     0.988235
     0.254902     0.411765     0.988235
     0.247059     0.407843     0.988235
     0.235294     0.396078     0.988235
     0.219608     0.384314     0.984314
     0.203922     0.376471     0.984314
     0.192157     0.364706     0.984314
     0.176471     0.352941     0.984314
     0.164706     0.345098     0.984314
     0.149020     0.333333     0.984314
     0.137255     0.321569     0.984314
     0.121569     0.313726     0.984314
     0.109804     0.301961     0.984314
    0.0941176     0.290196     0.984314
    0.0823529     0.282353     0.984314
    0.0666667     0.270588     0.984314
    0.0549020     0.258824     0.984314
    0.0392157     0.250980     0.984314
    0.0274510     0.239216     0.984314
    0.0117647     0.227451     0.984314
      0.00000     0.219608     0.984314
      0.00000     0.211765     0.964706
      0.00000     0.203922     0.956863
      0.00000     0.200000     0.937255
      0.00000     0.192157     0.929412
      0.00000     0.184314     0.909804
      0.00000     0.176471     0.894118
      0.00000     0.164706     0.886275
      0.00000     0.164706     0.866667
      0.00000     0.156863     0.858824
      0.00000     0.149020     0.839216
      0.00000     0.137255     0.827451
      0.00000     0.137255     0.811765
      0.00000     0.129412     0.800000
      0.00000     0.121569     0.784314
      0.00000     0.109804     0.764706
      0.00000     0.109804     0.756863
      0.00000     0.101961     0.737255
      0.00000    0.0901961     0.729412
      0.00000    0.0901961     0.713726
      0.00000    0.0784314     0.701961
      0.00000    0.0784314     0.686275
      0.00000    0.0666667     0.674510
      0.00000    0.0666667     0.658824
      0.00000    0.0549020     0.647059
      0.00000    0.0509804     0.631373
      0.00000    0.0431373     0.619608
      0.00000    0.0392157     0.603922
      0.00000    0.0313726     0.584314
      0.00000    0.0156863     0.576471
      0.00000    0.0156863     0.556863
      0.00000   0.00784314     0.549020
      0.00000   0.00392157     0.529412
      0.00000      0.00000     0.521569
      0.00000      0.00000     0.474510
      0.00000      0.00000     0.427451
      0.00000      0.00000     0.376471
      0.00000      0.00000     0.329412
      0.00000      0.00000     0.286275
